	caller	callee	date
0	Kretzer Julian	Scheunemann Dario	2017-02-19
1	Fauser Frederic	Kuhne Emmely	2017-02-23
2	Edel Margrit	Rudolf Isabella	2017-02-03
3	Egerer Leni	Lass Rudolf	2017-02-22
4	Lausch B_rbel	Bachert Anthony	2017-02-17
5	Goerke Ella	Lausch B_rbel	2017-02-12
6	Freese Kai	Niessen S_ren	2017-02-29
7	Scheibner Christoph	Wernicke Maik	2017-02-15
8	Bause Julia	Kern Martina	2017-02-03
9	Scheibner Christoph	Rolle Joseph	2017-02-26
10	Leibold Thorge	Niermann Riko	2017-02-19
11	Egerer Leni	Eder Eva	2017-02-11
12	Grahl Liah	Krah Horst	2017-02-10
13	Scheibner Christoph	Krah Horst	2017-02-26
14	Goerke Ella	Paschke Lydia	2017-02-20
15	Maass Timon	Welling Isabelle	2017-02-27
16	Klingler Karlotta	Leibold Thorge	2017-02-19
17	Leibold Thorge	Kuhne Emmely	2017-02-06
18	Walz Grit	Egerer Leni	2017-02-24
19	Bause Julia	Stegemann Fabio	2017-02-02
20	Schunk B_rbel	Bott Gregor	2017-02-02
21	Welling Isabelle	Niermann Riko	2017-02-15
22	Michael Jill	Walz Grit	2017-02-04
23	Dohmen Colin	Schroeder Elly	2017-02-17
24	Rolle Joseph	Prevorsek Marlene	2017-02-01
25	Bunzel Jona	Rudolf Isabella	2017-02-17
26	Welling Isabelle	Bause Julia	2017-02-01
27	Kern Martina	Schroeder Elly	2017-02-16
28	Fauser Frederic	Sch_ttler Gustav	2017-02-28
29	Hempel Lucie	Lass Rudolf	2017-02-10
30	Prevorsek Marlene	Walz Grit	2017-02-08
31	Egerer Leni	Scheunemann Dario	2017-02-13
32	Kretzer Julian	Walz Grit	2017-02-17
33	Welling Isabelle	Lass Rudolf	2017-02-20
34	Scheunemann Dario	Quandt Katarina	2017-02-16
35	Schroeder Elly	Rolle Joseph	2017-02-07
36	Goerke Ella	Niermann Riko	2017-02-04
37	Grahl Liah	Bott Gregor	2017-02-09
38	Eder Eva	Rudolf Isabella	2017-02-30
39	Theobald Gabriele	Prevorsek Marlene	2017-02-16
40	Niermann Riko	Kern Martina	2017-02-18
41	Eder Eva	Egerer Leni	2017-02-12
42	Stegemann Fabio	Lausch B_rbel	2017-02-21
43	Klingler Karlotta	Hermanns Christin	2017-02-08
44	Hermanns Christin	Scheunemann Dario	2017-02-12
45	Walz Grit	Lausch B_rbel	2017-02-16
46	Felske Wiebke	Felske Wiebke	2017-02-29
47	Paschke Lydia	Fauser Frederic	2017-02-08
48	Fauser Frederic	Kern Martina	2017-02-30
49	Niermann Riko	Bause Julia	2017-02-08
50	Eder Eva	Scheunemann Dario	2017-02-08
51	Bott Gregor	Fauser Frederic	2017-02-18
52	Niermann Riko	Freese Kai	2017-02-10
53	Welling Isabelle	Grahl Liah	2017-02-16
54	Goerke Ella	Hempel Lucie	2017-02-18
55	Hempel Lucie	Michael Jill	2017-02-01
56	Eder Eva	Strauss Achmet	2017-02-03
57	Kuhne Emmely	Prevorsek Marlene	2017-02-19
58	Wernicke Maik	Grahl Liah	2017-02-23
59	Eder Eva	Niermann Riko	2017-02-03
60	Behm Ida	Leibold Thorge	2017-02-08
61	Stegemann Fabio	Fauser Frederic	2017-02-17
62	Michael Jill	Dohmen Colin	2017-02-24
63	Bott Gregor	Rudolf Isabella	2017-02-11
64	Paschke Lydia	Fauser Frederic	2017-02-12
65	Grahl Liah	Bause Julia	2017-02-01
66	Stegemann Fabio	Leibold Thorge	2017-02-18
67	Niessen S_ren	Lausch B_rbel	2017-02-30
68	Klingler Karlotta	Behm Ida	2017-02-09
69	Michael Jill	Bott Gregor	2017-02-09
70	Krah Horst	Kretzer Julian	2017-02-03
71	Rolle Joseph	Freese Kai	2017-02-02
72	Sch_ttler Gustav	Theobald Gabriele	2017-02-24
73	Blau Leah	Scheunemann Dario	2017-02-20
74	Quandt Katarina	Behm Ida	2017-02-14
75	Wernicke Maik	Welling Isabelle	2017-02-19
76	Rolle Joseph	Wernicke Maik	2017-02-13
77	Kuhne Emmely	Michael Jill	2017-02-27
78	Niessen S_ren	Paschke Lydia	2017-02-17
79	Welling Isabelle	Stegemann Fabio	2017-02-13
80	Prevorsek Marlene	Eder Eva	2017-02-18
81	Scheibner Christoph	Klingler Karlotta	2017-02-02
82	Egerer Leni	Michael Jill	2017-02-07
83	Krah Horst	Wernicke Maik	2017-02-31
84	Quandt Katarina	Lass Rudolf	2017-02-21
85	Sternberg Moritz	Lausch B_rbel	2017-02-23
86	Kuhne Emmely	Strauss Achmet	2017-02-15
87	Teichmann Hertha	Bott Gregor	2017-02-14
88	Paschke Lydia	Fauser Frederic	2017-02-09
89	Scheibner Christoph	Scheibner Christoph	2017-02-23
90	Bause Julia	Greco Nik	2017-02-15
91	Paschke Lydia	Rudolf Isabella	2017-02-10
92	Bunzel Jona	Paschke Lydia	2017-02-18
93	Prevorsek Marlene	Teichmann Hertha	2017-02-17
94	Eder Eva	Niessen S_ren	2017-02-14
95	Blau Leah	Theobald Gabriele	2017-02-16
96	Lausch B_rbel	Strauss Achmet	2017-02-23
97	Fauser Frederic	Scheunemann Dario	2017-02-06
98	Wernicke Maik	Egerer Leni	2017-02-22
99	Wernicke Maik	Lausch B_rbel	2017-02-20
100	Lausch B_rbel	Stegemann Fabio	2017-02-27
101	Krah Horst	Bachert Anthony	2017-02-12
102	Freese Kai	Krah Horst	2017-02-25
103	Leibold Thorge	Theobald Gabriele	2017-02-09
104	Wernicke Maik	Teichmann Hertha	2017-02-20
105	Welling Isabelle	Egerer Leni	2017-02-17
106	Hempel Lucie	Egerer Leni	2017-02-03
107	Niessen S_ren	Grahl Liah	2017-02-20
108	Blau Leah	Wernicke Maik	2017-02-04
109	Freese Kai	Schroeder Elly	2017-02-05
110	Scheunemann Dario	Goerke Ella	2017-02-26
111	Kretzer Julian	Kretzer Julian	2017-02-22
112	Lausch B_rbel	Quandt Katarina	2017-02-28
113	Krah Horst	Quandt Katarina	2017-02-01
114	Eder Eva	Quandt Katarina	2017-02-24
115	Michael Jill	Wernicke Maik	2017-02-08
116	Fauser Frederic	Behm Ida	2017-02-25
117	Scheunemann Dario	Walz Grit	2017-02-24
118	Bause Julia	Goerke Ella	2017-02-21
119	Felske Wiebke	Egerer Leni	2017-02-22
120	Maass Timon	Rudolf Isabella	2017-02-24
121	Greco Nik	Lass Rudolf	2017-02-01
122	Edel Margrit	Bunzel Jona	2017-02-28
123	Krah Horst	Hempel Lucie	2017-02-07
124	Paschke Lydia	Egerer Leni	2017-02-14
125	Scheibner Christoph	Strauss Achmet	2017-02-11
126	Klingler Karlotta	Goerke Ella	2017-02-14
127	Fauser Frederic	Leibold Thorge	2017-02-01
128	Klingler Karlotta	Leibold Thorge	2017-02-01
129	Dohmen Colin	Grahl Liah	2017-02-22
130	Bachert Anthony	Lass Rudolf	2017-02-03
131	Blau Leah	Sternberg Moritz	2017-02-06
132	Bachert Anthony	Krah Horst	2017-02-31
133	Maass Timon	Freese Kai	2017-02-14
134	Felske Wiebke	Bunzel Jona	2017-02-03
135	Leibold Thorge	Dohmen Colin	2017-02-21
136	Bachert Anthony	Schroeder Elly	2017-02-23
137	Sternberg Moritz	Rolle Joseph	2017-02-29
138	Grahl Liah	Maass Timon	2017-02-25
139	Stegemann Fabio	Bause Julia	2017-02-20
140	Greco Nik	Sternberg Moritz	2017-02-26
141	Quandt Katarina	Grahl Liah	2017-02-14
142	Stegemann Fabio	Bunzel Jona	2017-02-07
143	Niessen S_ren	Lausch B_rbel	2017-02-07
144	Lass Rudolf	Blau Leah	2017-02-07
145	Prevorsek Marlene	Kuhne Emmely	2017-02-28
146	Egerer Leni	Lausch B_rbel	2017-02-21
147	Edel Margrit	Dohmen Colin	2017-02-03
148	Dohmen Colin	Leibold Thorge	2017-02-21
149	Niermann Riko	Wernicke Maik	2017-02-16
